1  // 0
1 2  // 0 0
1 2 3 // 0 0 0
1 2 3 4 // 0 0 0 0
1 2 3 4 5 // 0 0 0 0 0
2 3 4 5 // 0 0 0 0 (returns 1 // 0)
2 3 5 // 1 1 0 (returns 4 // 0)
2 3 5 6 // 1 1 0 0
2 3 5 6 7 // 1 1 0 0 0
2 3 5 6 7 8 // 1 1 0 0 0 0
2 3 5 6 7 8 9 // 1 1 0 0 0 0 0
2 3 5 6 7 8 9 10 // 1 1 0 0 0 0 0 0
2 3 5 6 7 8 9 10 11 // 1 1 0 0 0 0 0 0 0
2 3 5 6 7 8 9 10 11 12 // 1 1 0 0 0 0 0 0 0 0
2 3 5 6 7 8 9 10 11 12 // 1 1 0 0 0 0 0 0 0 0 (car 13 not allowed in)
2 3 5 6 7 8 9 10 11 12 // 1 1 0 0 0 0 0 0 0 0 (car 14 not allowed in)
2 3 5 7 8 9 10 11 12 // 2 2 1 0 0 0 0 0 0 (returns 6 // 0)
2 3 5 7 8 9 10 11 12 // 2 2 1 0 0 0 0 0 0 (car 14 not found)
2 3 5 7 8 9 10 11 12 // 2 2 1 0 0 0 0 0 0 (car 13 not found)
2 3 7 8 9 10 11 12 // 3 3 0 0 0 0 0 0 (returns 5 // 1)
2 3 7 8 9 10 11 12 15 // 3 3 0 0 0 0 0 0 0
2 3 7 8 9 11 12 15 // 4 4 1 1 1 0 0 0 (returns 10 // 0)
3 7 8 9 11 12 15 // 4 1 1 1 0 0 0 (returns 2 // 4)
3 7 8 9 11 12 // 5 2 2 2 1 1 (returns 15 // 0)
3 7 8 9 11 12 // 5 2 2 2 1 1 (car 13 not found) 
3 7 8 11 12 // 6 3 3 1 1 (returns 9 // 2)
7 8 11 12 // 3 3 1 1 (returns 3 // 6)
7 11 12 // 4 1 1 (returns 8 // 3)
11 12 // 1 1 (returns 7 // 4)
11 // 2 (returns 12 // 1)
 // (returns 11 // 2)